MEMORY
  total           13518 KB
  struct            158 KB
  buffer             47 KB
  arena           13312 KB, used 0.1%

SIZES
  narena                13631488
  nbuffer               48544
  nplugin               0
  maxuse_stack          17768
  maxuse_arena          17768
  maxuse_con            4
  maxuse_efc            16
  ncon                  0
  ne                    0
  nf                    0
  nl                    0
  nefc                  0
  nJ                    0
  efm_active            0
  nefmK                 0
  nefmdof               0
  nefmL                 0
  nY                    0
  nA                    0
  nisland               0
  nidof                 0
  ntree_awake           1
  nbody_awake           2
  nparent_awake         1
  nv_awake              6
  flg_energypos         0
  flg_energyvel         0
  flg_subtreevel        0
  flg_rnepost           0
  threadpool            0

TIMER
    0:  duration =  6.1e+04    number = 140876
    1:  duration =  6e+04      number = 140878
    2:  duration =  0          number = 0
    3:  duration =  2.2e+03    number = 140878
    4:  duration =  2.2e+02    number = 140878
    5:  duration =  13         number = 140878
    6:  duration =  13         number = 140878
    7:  duration =  91         number = 140876
    8:  duration =  1.4e+03    number = 140878
    9:  duration =  74         number = 140878
    10:  duration =  5.3e+02    number = 140878
    11:  duration =  1.6e+02    number = 140878
    12:  duration =  14         number = 140878
    13:  duration =  2e+02      number = 140878
    14:  duration =  3e+02      number = 140878

ENERGY =   0         0       

TIME =  1.4e+02 

QPOS
   23      
  -7       
   2       
   1       
   4.2e-19 
  -1.3e-18 
  -0.073   

QVEL
   7.3e-13 
  -1.8e-13 
   2.2e-06 
   1.9e-16 
   4.9e-17 
  -1.2e-14 

QACC_WARMSTART
  -2.7e-17 
  -4.4e-18 
  -8.9e-09 
   6.2e-31 
  -2.4e-30 
   2e-49   

QFRC_APPLIED
  -1.3e-17 
  -2.2e-18 
   4.9     
   0       
   0       
   0       

XFRC_APPLIED
   0         0         0         0         0         0       
   0         0         0         0         0         0       

QACC
  -2.7e-17 
  -4.4e-18 
  -8.9e-09 
   6.2e-31 
  -2.4e-30 
   2e-49   

TREE_ASLEEP
  -11

XPOS
   0         0         0       
   23       -7         2       

XQUAT
   1         0         0         0       
   1         3.2e-19  -1.4e-18  -0.073   

XMAT
   1         0         0         0         1         0         0         0         1       
   0.99      0.15     -2.7e-18  -0.15      0.99     -4.5e-19   2.6e-18   8.4e-19   1       

XIPOS
   0         0         0       
   23       -7         2       

XIMAT
   1         0         0         0         1         0         0         0         1       
   0.99      0.15     -2.7e-18  -0.15      0.99     -4.5e-19   2.6e-18   8.4e-19   1       

XANCHOR
   23       -7         2       

XAXIS
   0         0         1       

GEOM_XPOS
   0         0         0       
   4        -7         3.1     
   4        -4         1.6     
   4        -10        1.6     
   7.5      -3         3.4     
   7.5      -3.6       4       
   7.5      -4.4       4       
   7.5      -5         3.4     
   7.5      -5         2.6     
   7.5      -4.4       2       
   7.5      -3.6       2       
   7.5      -3         2.6     
   11       -7         1.1     
   14       -7         3       
   17       -9         3.6     
   17       -9.6       4.2     
   17       -10        4.2     
   17       -11        3.6     
   17       -11        2.8     
   17       -10        2.2     
   17       -9.6       2.2     
   17       -9         2.8     
   20       -7         3       
   20       -4         1.5     
   20       -10        1.5     
   12        0         3       
   12       -14        3       
   0        -7         3       
   24       -7         3       
   12       -7         6.2     
   1        -7         1.3     
   1        -7         1.3     
   1        -7         1.3     
   1        -7         1.3     
   1        -7         1.3     
   1        -7         1.3     
   1        -7         1.3     
   1        -7         1.3     
   1.1      -7         1.3     
   1.1      -7         1.3     
   1.2      -7         1.3     
   1.2      -7         1.3     
   1.3      -7         1.3     
   1.4      -7.1       1.3     
   1.4      -7.1       1.3     
   1.5      -7.1       1.3     
   1.7      -7.1       1.3     
   1.8      -7.1       1.3     
   1.9      -7.1       1.3     
   2.1      -7.1       1.3     
   2.2      -7.1       1.3     
   2.4      -7.1       1.3     
   2.6      -7.1       1.3     
   2.8      -7.1       1.3     
   2.9      -7.1       1.3     
   3.1      -7.1       1.3     
   3.3      -7.1       1.3     
   3.6      -7.1       1.3     
   3.8      -7         1.3     
   4        -7         1.3     
   4.2      -7         1.3     
   4.4      -6.9       1.3     
   4.6      -6.9       1.3     
   4.8      -6.8       1.4     
   4.9      -6.7       1.4     
   5.1      -6.7       1.4     
   5.3      -6.6       1.4     
   5.4      -6.5       1.4     
   5.6      -6.4       1.5     
   5.7      -6.3       1.5     
   5.9      -6.2       1.5     
   6        -6.1       1.6     
   6.1      -6         1.6     
   6.2      -5.8       1.7     
   6.3      -5.7       1.7     
   6.4      -5.6       1.8     
   6.5      -5.5       1.8     
   6.6      -5.3       1.9     
   6.7      -5.2       2       
   6.7      -5.1       2       
   6.8      -5         2.1     
   6.9      -4.8       2.2     
   6.9      -4.7       2.2     
   7        -4.6       2.3     
   7        -4.5       2.4     
   7.1      -4.4       2.5     
   7.2      -4.3       2.5     
   7.2      -4.3       2.6     
   7.3      -4.2       2.7     
   7.3      -4.1       2.8     
   7.4      -4.1       2.9     
   7.5      -4         2.9     
   7.5      -4         3       
   7.6      -4         3.1     
   7.7      -4         3.2     
   7.8      -4         3.3     
   7.9      -4         3.3     
   8        -4         3.4     
   8.1      -4         3.5     
   8.2      -4.1       3.5     
   8.3      -4.1       3.6     
   8.4      -4.2       3.7     
   8.5      -4.2       3.7     
   8.6      -4.3       3.8     
   8.7      -4.4       3.8     
   8.9      -4.5       3.8     
   9        -4.6       3.9     
   9.1      -4.7       3.9     
   9.3      -4.9       3.9     
   9.4      -5         3.9     
   9.5      -5.1       3.9     
   9.7      -5.3       3.9     
   9.8      -5.4       3.9     
   9.9      -5.6       3.9     
   10       -5.7       3.9     
   10       -5.9       3.9     
   10       -6         3.8     
   10       -6.2       3.8     
   11       -6.4       3.7     
   11       -6.5       3.7     
   11       -6.7       3.6     
   11       -6.8       3.6     
   11       -7         3.5     
   11       -7.1       3.5     
   11       -7.3       3.4     
   11       -7.4       3.3     
   11       -7.5       3.2     
   11       -7.7       3.2     
   12       -7.8       3.1     
   12       -8         3       
   12       -8.1       2.9     
   12       -8.2       2.9     
   12       -8.3       2.8     
   12       -8.5       2.7     
   12       -8.6       2.7     
   12       -8.7       2.6     
   12       -8.8       2.6     
   12       -8.9       2.5     
   12       -9         2.5     
   12       -9.1       2.4     
   13       -9.2       2.4     
   13       -9.3       2.4     
   13       -9.4       2.4     
   13       -9.4       2.3     
   13       -9.5       2.3     
   13       -9.6       2.3     
   13       -9.7       2.4     
   13       -9.7       2.4     
   14       -9.8       2.4     
   14       -9.9       2.4     
   14       -9.9       2.5     
   14       -10        2.5     
   14       -10        2.5     
   14       -10        2.6     
   14       -10        2.6     
   15       -10        2.7     
   15       -10        2.7     
   15       -10        2.8     
   15       -10        2.9     
   15       -10        2.9     
   15       -10        3       
   16       -10        3       
   16       -10        3.1     
   16       -10        3.1     
   16       -10        3.1     
   16       -10        3.2     
   16       -10        3.2     
   17       -10        3.2     
   17       -10        3.2     
   17       -10        3.2     
   17       -10        3.2     
   17       -10        3.2     
   17       -10        3.2     
   17       -9.9       3.2     
   17       -9.8       3.1     
   17       -9.7       3.1     
   17       -9.6       3       
   17       -9.5       3       
   17       -9.4       2.9     
   18       -9.3       2.8     
   18       -9.2       2.7     
   18       -9.1       2.6     
   18       -9         2.6     
   18       -8.9       2.5     
   18       -8.7       2.4     
   18       -8.6       2.3     
   18       -8.5       2.2     
   18       -8.3       2.1     
   18       -8.2       2       
   18       -8.1       1.9     
   18       -8         1.8     
   18       -7.9       1.8     
   18       -7.8       1.7     
   19       -7.7       1.6     
   19       -7.6       1.6     
   19       -7.5       1.5     
   19       -7.4       1.5     
   19       -7.4       1.4     
   19       -7.3       1.4     
   19       -7.2       1.4     
   20       -7.2       1.4     
   20       -7.1       1.4     
   20       -7.1       1.4     
   20       -7         1.4     
   20       -7         1.4     
   21       -7         1.4     
   21       -7         1.5     
   21       -6.9       1.5     
   21       -6.9       1.5     
   21       -6.9       1.6     
   22       -6.9       1.6     
   22       -6.9       1.6     
   22       -6.9       1.7     
   22       -6.9       1.7     
   22       -6.9       1.8     
   22       -6.9       1.8     
   23       -7         1.8     
   23       -7         1.9     
   23       -7         1.9     
   23       -7         1.9     
   23       -7         1.9     
   23       -7         2       
   23       -7         2       
   23       -7         2       
   23       -7         2       
   23       -7         2       
   23       -7         2       
   23       -7         2       
   23       -7         2       
   23       -7         2       
   1.1      -7         1.4     
   3.1      -6.8       1.4     
   6        -5.7       1.8     
   7.3      -4.4       2.8     
   8.5      -4.4       3.6     
   10       -5.8       3.7     
   11       -7.7       3       
   13       -9.3       2.5     
   15       -10        2.8     
   17       -9.9       3       
   18       -8.6       2.3     
   20       -7.4       1.6     
   22       -7         1.7     
   23       -7         2       
   23       -7         2       
   23       -7         2       
   23       -7         2       
   23       -7         2       
   23       -7         2       
   23       -7         2       
   23       -7         2       
   23       -7         2       
   23       -7         2       
   23       -7         2       
   23       -7         2       
   23       -7         2       
   23       -7         2       
   23       -7         2       
   23       -7         2       
   23       -7         2       
   23       -7         2       
   23       -7         2       
   23       -7         2       
   23       -7         2       
   23       -7         2       
   23       -7         2       
   23       -7         2       
   23       -7         2       
   23       -7         2       
   23       -7         2       
   23       -7         2       
   23       -7         2       
   23       -7         2       
   23       -7         2       
   23       -7         2       
   23       -7         2       
   23       -7         2       
   23       -7         2       
   23       -7         2       
   23       -7         2       
   23       -7         2       
   23       -7         2       
   23       -7         2       
   23       -7         2       
   23       -7         2       
   23       -7         2       
   23       -7         2       
   23       -7         2       
   23       -7         2       
   23       -7         2       
   23       -7         2       
   23       -7         2       
   23       -7         2       
   23       -7         2       
   23       -7         2       
   23       -7         2       
   23       -7         2       
   23       -7         2       
   23       -7         2       
   23       -7         2       
   23       -7         2       
   23       -7         2       
   23       -7         2       
   23       -7         2       
   23       -7         2       
   23       -7         2       
   23       -7         2       
   23       -7         2       
   23       -7         2       
   23       -7         2       
   23       -7         2       
   23       -7         2       
   23       -7         2       
   23       -7         2       
   23       -7         2       
   23       -7         2       
   23       -7         2       
   23       -7         2       
   23       -7         2       
   23       -7         2       
   23       -7         2       
   23       -7         2       
   23       -7         2       
   23       -7         2       
   23       -7         2       
   23       -7         2       
   23       -7         2       
   23       -7         2       
   23       -7         2       
   23       -7         2       
   23       -7         2       
   23       -7         2       
   23       -7         2       
   23       -7         2       
   23       -7         2       
   23       -7         2       
   23       -7         2       
   23       -7         2       
   23       -7         2       
   23       -7         2       
   23       -7         2       
   23       -7         2       
   23       -7         2       
   23       -7         2       
   23       -7         2       
   23       -7         2       
   23       -7         2       
   23       -7         2       
   23       -7         2       
   23       -7         2       
   23       -7         2       
   23       -7         2       
   23       -7         2       
   23       -7         2       
   23       -7         2       
   23       -7         2       
   23       -7         2       
   23       -7         2       
   23       -7         2       
   23       -7         2       
   23       -7         2       
   23       -7         2       
   23       -7         2       
   23       -7         2       
   23       -7         2       
   23       -7         2       
   23       -7         2       
   23       -7         2       
   23       -7         2       
   23       -7         2       
   23       -7         2       
   23       -7         2       
   23       -7         2       
   23       -7         2       
   23       -7         2       
   23       -7         2       
   23       -7         2       
   23       -7         2       
   23       -7         2       
   23       -7         2       
   23       -7         2       
   23       -7         2       
   23       -7         2       
   23       -7         2       
   23       -7         2       
   23       -7         2       
   23       -7         2       
   23       -7         2       
   23       -7         2       
   23       -7         2       
   23       -7         2       
   23       -7         2       
   23       -7         2       
   23       -7         2       
   23       -7         2       
   23       -7         2       
   23       -7         2       
   23       -7         2       
   23       -7         2       
   23       -7         2       
   23       -7         2       
   23       -7         2       
   23       -7         2       
   23       -7         2       
   23       -7         2       
   23       -7         2       
   23       -7         2       
   23       -7         2       
   23       -7         2       
   23       -7         2       
   23       -7         2       
   23       -7         2       
   23       -7         2       
   23       -7         2       
   23       -7         2       
   23       -7         2       
   23       -7         2       
   23       -7         2       
   23       -7         2       
   23       -7         2       
   23       -7         2       
   23       -7         2       
   23       -7         2       
   23       -7         2       
   23       -7         2       
   23       -7         2       
   23       -7         2       
   23       -7         2       
   23       -7         2       
   23       -7         2       
   23       -7         2       
   23       -7         2       
   23       -7         2       
   23       -6.9       2       
   23       -7.1       2       
   23       -7.1       2       
   23       -6.9       2       

GEOM_XMAT
   1         0         0         0         1         0         0         0         1       
   1         0         0         0         1         0         0         0         1       
   1         0         0         0         1         0         0         0         1       
   1         0         0         0         1         0         0         0         1       
   1        -0         0         0        -0.92      0.38     -0        -0.38     -0.92    
   1        -0         0         0        -0.38      0.92     -0        -0.92     -0.38    
   1        -0         0         0         0.38      0.92     -0        -0.92      0.38    
   1        -0         0         0         0.92      0.38     -0        -0.38      0.92    
   1         0         0         0         0.92     -0.38      0         0.38      0.92    
   1         0         0         0         0.38     -0.92      0         0.92      0.38    
   1         0         0         0        -0.38     -0.92      0         0.92     -0.38    
   1         0         0         0        -0.92     -0.38      0         0.38     -0.92    
   1         0         0         0         1         0         0         0         1       
   1         0         0         0         1         0         0         0         1       
   1        -0         0         0        -0.92      0.38     -0        -0.38     -0.92    
   1        -0         0         0        -0.38      0.92     -0        -0.92     -0.38    
   1        -0         0         0         0.38      0.92     -0        -0.92      0.38    
   1        -0         0         0         0.92      0.38     -0        -0.38      0.92    
   1         0         0         0         0.92     -0.38      0         0.38      0.92    
   1         0         0         0         0.38     -0.92      0         0.92      0.38    
   1         0         0         0        -0.38     -0.92      0         0.92     -0.38    
   1         0         0         0        -0.92     -0.38      0         0.38     -0.92    
   1         0         0         0         1         0         0         0         1       
   1         0         0         0         1         0         0         0         1       
   1         0         0         0         1         0         0         0         1       
   1         0         0         0         1         0         0         0         1       
   1         0         0         0         1         0         0         0         1       
   1         0         0         0         1         0         0         0         1       
   1         0         0         0         1         0         0         0         1       
   1         0         0         0         1         0         0         0         1       
   0.01      0.21      0.98      0.21      0.95     -0.21     -0.98      0.21     -0.036   
   0.0088    0.21      0.98      0.21      0.96     -0.21     -0.98      0.21     -0.036   
   0.0072    0.21      0.98      0.21      0.96     -0.2      -0.98      0.2      -0.035   
   0.0057    0.2       0.98      0.2       0.96     -0.2      -0.98      0.2      -0.035   
   0.0041    0.19      0.98      0.19      0.96     -0.19     -0.98      0.19     -0.034   
   0.0024    0.19      0.98      0.19      0.96     -0.19     -0.98      0.19     -0.033   
   0.0008    0.18      0.98      0.18      0.97     -0.18     -0.98      0.18     -0.033   
  -0.00081   0.18      0.98      0.18      0.97     -0.17     -0.98      0.17     -0.032   
  -0.0024    0.17      0.99      0.17      0.97     -0.17     -0.99      0.17     -0.031   
  -0.0041    0.16      0.99      0.16      0.97     -0.16     -0.99      0.16     -0.03    
  -0.0057    0.15      0.99      0.15      0.98     -0.15     -0.99      0.15     -0.029   
  -0.0071    0.14      0.99      0.14      0.98     -0.14     -0.99      0.14     -0.028   
  -0.0083    0.14      0.99      0.14      0.98     -0.13     -0.99      0.13     -0.027   
  -0.0095    0.13      0.99      0.13      0.98     -0.12     -0.99      0.12     -0.025   
  -0.01      0.12      0.99      0.12      0.99     -0.11     -0.99      0.11     -0.023   
  -0.011     0.1       0.99      0.1       0.99     -0.1      -0.99      0.1      -0.022   
  -0.011     0.092     1         0.092     0.99     -0.09     -1         0.09     -0.02    
  -0.011     0.079     1         0.079     0.99     -0.078    -1         0.078    -0.017   
  -0.011     0.065     1         0.065     1        -0.064    -1         0.064    -0.015   
  -0.0098    0.05      1         0.05      1        -0.049    -1         0.049    -0.012   
  -0.008     0.034     1         0.034     1        -0.034    -1         0.034    -0.0091  
  -0.0054    0.017     1         0.017     1        -0.016    -1         0.016    -0.0056  
  -0.0017   -0.002     1        -0.002     1         0.002    -1        -0.002    -0.0017  
   0.0031   -0.022     1        -0.022     1         0.022    -1        -0.022     0.0027  
   0.0095   -0.043     1        -0.043     1         0.043    -1        -0.043     0.0076  
   0.018    -0.066     1        -0.066     1         0.067    -1        -0.067     0.013   
   0.028    -0.09      1        -0.09      0.99      0.092    -1        -0.092     0.019   
   0.041    -0.12      0.99     -0.12      0.99      0.12     -0.99     -0.12      0.027   
   0.059    -0.15      0.99     -0.15      0.98      0.15     -0.99     -0.15      0.036   
   0.077    -0.17      0.98     -0.17      0.97      0.19     -0.98     -0.19      0.045   
   0.1      -0.2       0.97     -0.2       0.95      0.22     -0.97     -0.22      0.055   
   0.13     -0.23      0.96     -0.23      0.94      0.25     -0.96     -0.25      0.066   
   0.16     -0.26      0.95     -0.26      0.92      0.29     -0.95     -0.29      0.078   
   0.19     -0.29      0.94     -0.29      0.9       0.33     -0.94     -0.33      0.091   
   0.23     -0.31      0.92     -0.31      0.87      0.37     -0.92     -0.37      0.11    
   0.27     -0.33      0.9      -0.33      0.85      0.41     -0.9      -0.41      0.12    
   0.32     -0.35      0.88     -0.35      0.82      0.46     -0.88     -0.46      0.14    
   0.37     -0.37      0.85     -0.37      0.78      0.5      -0.85     -0.5       0.16    
   0.43     -0.38      0.82     -0.38      0.75      0.54     -0.82     -0.54      0.18    
   0.48     -0.38      0.79     -0.38      0.72      0.58     -0.79     -0.58      0.2     
   0.53     -0.38      0.75     -0.38      0.69      0.62     -0.75     -0.62      0.22    
   0.59     -0.38      0.72     -0.38      0.65      0.65     -0.72     -0.65      0.24    
   0.64     -0.37      0.68     -0.37      0.63      0.69     -0.68     -0.69      0.26    
   0.68     -0.35      0.64     -0.35      0.6       0.71     -0.64     -0.71      0.29    
   0.73     -0.34      0.6      -0.34      0.58      0.74     -0.6      -0.74      0.31    
   0.77     -0.32      0.56     -0.32      0.57      0.76     -0.56     -0.76      0.33    
   0.8      -0.3       0.52     -0.3       0.56      0.77     -0.52     -0.77      0.36    
   0.83     -0.28      0.49     -0.28      0.56      0.78     -0.49     -0.78      0.38    
   0.85     -0.26      0.46     -0.26      0.56      0.79     -0.46     -0.79      0.41    
   0.87     -0.24      0.44     -0.24      0.56      0.79     -0.44     -0.79      0.43    
   0.88     -0.23      0.42     -0.23      0.58      0.79     -0.42     -0.79      0.46    
   0.89     -0.21      0.4      -0.21      0.59      0.78     -0.4      -0.78      0.48    
   0.9      -0.2       0.4      -0.2       0.61      0.76     -0.4      -0.76      0.51    
   0.9      -0.19      0.39     -0.19      0.64      0.75     -0.39     -0.75      0.53    
   0.9      -0.18      0.4      -0.18      0.66      0.72     -0.4      -0.72      0.56    
   0.89     -0.18      0.41     -0.18      0.7       0.7      -0.41     -0.7       0.59    
   0.89     -0.17      0.43     -0.17      0.73      0.66     -0.43     -0.66      0.62    
   0.88     -0.17      0.45     -0.17      0.77      0.62     -0.45     -0.62      0.64    
   0.86     -0.16      0.48     -0.16      0.81      0.57     -0.48     -0.57      0.67    
   0.84     -0.15      0.52     -0.15      0.85      0.5      -0.52     -0.5       0.69    
   0.82     -0.14      0.56     -0.14      0.89      0.43     -0.56     -0.43      0.71    
   0.79     -0.12      0.6      -0.12      0.93      0.35     -0.6      -0.35      0.72    
   0.76     -0.1       0.64     -0.1       0.96      0.27     -0.64     -0.27      0.72    
   0.72     -0.066     0.69     -0.066     0.98      0.16     -0.69     -0.16      0.71    
   0.68     -0.024     0.73     -0.024     1         0.055    -0.73     -0.055     0.68    
   0.65      0.019     0.76      0.019     1        -0.042    -0.76      0.042     0.65    
   0.62      0.065     0.78      0.065     0.99     -0.13     -0.78      0.13      0.61    
   0.6       0.11      0.79      0.11      0.97     -0.22     -0.79      0.22      0.57    
   0.58      0.16      0.8       0.16      0.94     -0.3      -0.8       0.3       0.52    
   0.56      0.2       0.8       0.2       0.91     -0.37     -0.8       0.37      0.47    
   0.55      0.24      0.8       0.24      0.87     -0.42     -0.8       0.42      0.42    
   0.54      0.28      0.8       0.28      0.83     -0.48     -0.8       0.48      0.37    
   0.53      0.31      0.79      0.31      0.79     -0.52     -0.79      0.52      0.33    
   0.53      0.34      0.78      0.34      0.76     -0.56     -0.78      0.56      0.28    
   0.52      0.37      0.77      0.37      0.72     -0.59     -0.77      0.59      0.24    
   0.52      0.39      0.76      0.39      0.68     -0.62     -0.76      0.62      0.2     
   0.52      0.42      0.75      0.42      0.64     -0.65     -0.75      0.65      0.16    
   0.52      0.44      0.73      0.44      0.6      -0.67     -0.73      0.67      0.12    
   0.52      0.46      0.72      0.46      0.56     -0.69     -0.72      0.69      0.082   
   0.52      0.48      0.71      0.48      0.53     -0.7      -0.71      0.7       0.047   
   0.52      0.49      0.7       0.49      0.49     -0.72     -0.7       0.72      0.013   
   0.53      0.51      0.68      0.51      0.45     -0.73     -0.68      0.73     -0.023   
   0.53      0.53      0.67      0.53      0.41     -0.74     -0.67      0.74     -0.059   
   0.53      0.54      0.65      0.54      0.38     -0.75     -0.65      0.75     -0.09    
   0.54      0.55      0.64      0.55      0.34     -0.76     -0.64      0.76     -0.12    
   0.54      0.56      0.62      0.56      0.31     -0.77     -0.62      0.77     -0.15    
   0.55      0.57      0.61      0.57      0.27     -0.77     -0.61      0.77     -0.18    
   0.56      0.58      0.59      0.58      0.24     -0.78     -0.59      0.78     -0.21    
   0.56      0.59      0.58      0.59      0.2      -0.78     -0.58      0.78     -0.23    
   0.57      0.6       0.56      0.6       0.17     -0.78     -0.56      0.78     -0.26    
   0.57      0.6       0.55      0.6       0.14     -0.78     -0.55      0.78     -0.29    
   0.58      0.61      0.54      0.61      0.11     -0.78     -0.54      0.78     -0.31    
   0.59      0.62      0.53      0.62      0.082    -0.78     -0.53      0.78     -0.33    
   0.59      0.62      0.51      0.62      0.057    -0.78     -0.51      0.78     -0.35    
   0.6       0.62      0.5       0.62      0.033    -0.78     -0.5       0.78     -0.37    
   0.6       0.63      0.49      0.63      0.013    -0.78     -0.49      0.78     -0.39    
   0.6       0.63      0.49      0.63     -0.0036   -0.78     -0.49      0.78     -0.4     
   0.6       0.64      0.48      0.64     -0.015    -0.77     -0.48      0.77     -0.41    
   0.6       0.64      0.48      0.64     -0.022    -0.77     -0.48      0.77     -0.42    
   0.59      0.65      0.48      0.65     -0.022    -0.76     -0.48      0.76     -0.43    
   0.58      0.65      0.49      0.65     -0.014    -0.76     -0.49      0.76     -0.43    
   0.57      0.66      0.5       0.66      0.00089  -0.75     -0.5       0.75     -0.43    
   0.55      0.66      0.51      0.66      0.024    -0.75     -0.51      0.75     -0.42    
   0.53      0.67      0.52      0.67      0.055    -0.74     -0.52      0.74     -0.41    
   0.51      0.67      0.54      0.67      0.094    -0.74     -0.54      0.74     -0.4     
   0.48      0.67      0.57      0.67      0.14     -0.73     -0.57      0.73     -0.38    
   0.45      0.66      0.6       0.66      0.2      -0.72     -0.6       0.72     -0.35    
   0.42      0.66      0.63      0.66      0.26     -0.71     -0.63      0.71     -0.32    
   0.39      0.64      0.66      0.64      0.32     -0.7      -0.66      0.7      -0.29    
   0.36      0.62      0.69      0.62      0.39     -0.68     -0.69      0.68     -0.25    
   0.34      0.6       0.73      0.6       0.46     -0.66     -0.73      0.66     -0.2     
   0.32      0.57      0.76      0.57      0.53     -0.63     -0.76      0.63     -0.15    
   0.31      0.53      0.79      0.53      0.59     -0.61     -0.79      0.61     -0.1     
   0.3       0.5       0.81      0.5       0.65     -0.58     -0.81      0.58     -0.053   
   0.3       0.46      0.84      0.46      0.7      -0.55     -0.84      0.55     -0.0047  
   0.3       0.42      0.86      0.42      0.75     -0.51     -0.86      0.51      0.042   
   0.3       0.39      0.87      0.39      0.79     -0.48     -0.87      0.48      0.085   
   0.3       0.35      0.88      0.35      0.82     -0.45     -0.88      0.45      0.12    
   0.31      0.32      0.9       0.32      0.85     -0.41     -0.9       0.41      0.16    
   0.32      0.29      0.9       0.29      0.88     -0.38     -0.9       0.38      0.2     
   0.33      0.26      0.91      0.26      0.9      -0.35     -0.91      0.35      0.22    
   0.33      0.24      0.91      0.24      0.92     -0.32     -0.91      0.32      0.25    
   0.33      0.22      0.92      0.22      0.93     -0.3      -0.92      0.3       0.26    
   0.34      0.2       0.92      0.2       0.94     -0.27     -0.92      0.27      0.28    
   0.34      0.18      0.92      0.18      0.95     -0.24     -0.92      0.24      0.29    
   0.34      0.16      0.93      0.16      0.96     -0.22     -0.93      0.22      0.3     
   0.34      0.14      0.93      0.14      0.97     -0.19     -0.93      0.19      0.31    
   0.33      0.12      0.94      0.12      0.98     -0.16     -0.94      0.16      0.31    
   0.33      0.097     0.94      0.097     0.99     -0.14     -0.94      0.14      0.31    
   0.32      0.076     0.95      0.076     0.99     -0.1      -0.95      0.1       0.31    
   0.31      0.053     0.95      0.053     1        -0.072    -0.95      0.072     0.3     
   0.29      0.027     0.96      0.027     1        -0.037    -0.96      0.037     0.29    
   0.28     -0.0014    0.96     -0.0014    1         0.0018   -0.96     -0.0018    0.28    
   0.26     -0.034     0.97     -0.034     1         0.045    -0.97     -0.045     0.26    
   0.24     -0.073     0.97     -0.073     0.99      0.092    -0.97     -0.092     0.23    
   0.22     -0.12      0.97     -0.12      0.98      0.15     -0.97     -0.15      0.2     
   0.19     -0.18      0.97     -0.18      0.96      0.21     -0.97     -0.21      0.15    
   0.17     -0.24      0.95     -0.24      0.93      0.28     -0.95     -0.28      0.1     
   0.16     -0.31      0.94     -0.31      0.88      0.35     -0.94     -0.35      0.044   
   0.16     -0.39      0.91     -0.39      0.82      0.42     -0.91     -0.42     -0.02    
   0.18     -0.47      0.87     -0.47      0.73      0.49     -0.87     -0.49     -0.089   
   0.21     -0.54      0.82     -0.54      0.63      0.56     -0.82     -0.56     -0.16    
   0.26     -0.6       0.76     -0.6       0.52      0.61     -0.76     -0.61     -0.23    
   0.32     -0.65      0.69     -0.65      0.38      0.66     -0.69     -0.66     -0.29    
   0.4      -0.67      0.62     -0.67      0.25      0.7      -0.62     -0.7      -0.35    
   0.48     -0.68      0.56     -0.68      0.12      0.72     -0.56     -0.72     -0.4     
   0.55     -0.67      0.5      -0.67      0.0053    0.74     -0.5      -0.74     -0.45    
   0.61     -0.65      0.45     -0.65     -0.092     0.75     -0.45     -0.75     -0.48    
   0.66     -0.63      0.41     -0.63     -0.17      0.76     -0.41     -0.76     -0.51    
   0.7      -0.61      0.38     -0.61     -0.23      0.76     -0.38     -0.76     -0.53    
   0.72     -0.59      0.35     -0.59     -0.27      0.76     -0.35     -0.76     -0.55    
   0.74     -0.58      0.34     -0.58     -0.3       0.76     -0.34     -0.76     -0.56    
   0.74     -0.58      0.34     -0.58     -0.31      0.75     -0.34     -0.75     -0.56    
   0.73     -0.59      0.34     -0.59     -0.3       0.75     -0.34     -0.75     -0.57    
   0.71     -0.61      0.35     -0.61     -0.28      0.74     -0.35     -0.74     -0.57    
   0.68     -0.63      0.38     -0.63     -0.24      0.73     -0.38     -0.73     -0.56    
   0.63     -0.66      0.4      -0.66     -0.19      0.73     -0.4      -0.73     -0.56    
   0.58     -0.69      0.44     -0.69     -0.12      0.71     -0.44     -0.71     -0.54    
   0.51     -0.71      0.48     -0.71     -0.042     0.7      -0.48     -0.7      -0.53    
   0.44     -0.73      0.52     -0.73      0.052     0.68     -0.52     -0.68     -0.51    
   0.36     -0.73      0.57     -0.73      0.16      0.66     -0.57     -0.66     -0.48    
   0.29     -0.72      0.63     -0.72      0.26      0.64     -0.63     -0.64     -0.45    
   0.21     -0.7       0.68     -0.7       0.37      0.61     -0.68     -0.61     -0.41    
   0.15     -0.66      0.73     -0.66      0.48      0.57     -0.73     -0.57     -0.37    
   0.098    -0.62      0.78     -0.62      0.58      0.53     -0.78     -0.53     -0.32    
   0.059    -0.56      0.83     -0.56      0.66      0.49     -0.83     -0.49     -0.28    
   0.033    -0.5       0.86     -0.5       0.74      0.45     -0.86     -0.45     -0.23    
   0.02     -0.44      0.9      -0.44      0.8       0.4      -0.9      -0.4      -0.18    
   0.018    -0.38      0.92     -0.38      0.85      0.36     -0.92     -0.36     -0.13    
   0.025    -0.33      0.94     -0.33      0.89      0.32     -0.94     -0.32     -0.085   
   0.037    -0.28      0.96     -0.28      0.92      0.28     -0.96     -0.28     -0.042   
   0.054    -0.23      0.97     -0.23      0.94      0.24     -0.97     -0.24     -0.0023  
   0.076    -0.19      0.98     -0.19      0.96      0.2      -0.98     -0.2       0.038   
   0.098    -0.15      0.98     -0.15      0.98      0.16     -0.98     -0.16      0.074   
   0.12     -0.12      0.99     -0.12      0.98      0.13     -0.99     -0.13      0.1     
   0.14     -0.092     0.99     -0.092     0.99      0.11     -0.99     -0.11      0.13    
   0.16     -0.069     0.98     -0.069     0.99      0.081    -0.98     -0.081     0.15    
   0.18     -0.05      0.98     -0.05      1         0.059    -0.98     -0.059     0.18    
   0.2      -0.032     0.98     -0.032     1         0.039    -0.98     -0.039     0.19    
   0.21     -0.017     0.98     -0.017     1         0.021    -0.98     -0.021     0.21    
   0.23     -0.0039    0.97     -0.0039    1         0.005    -0.97     -0.005     0.23    
   0.24      0.0076    0.97      0.0076    1        -0.0098   -0.97      0.0098    0.24    
   0.26      0.018     0.97      0.018     1        -0.023    -0.97      0.023     0.25    
   0.27      0.027     0.96      0.027     1        -0.035    -0.96      0.035     0.27    
   0.28      0.035     0.96      0.035     1        -0.046    -0.96      0.046     0.28    
   0.29      0.042     0.96      0.042     1        -0.056    -0.96      0.056     0.29    
   0.3       0.048     0.95      0.048     1        -0.065    -0.95      0.065     0.3     
   0.31      0.054     0.95      0.054     1        -0.074    -0.95      0.074     0.3     
   0.32      0.059     0.95      0.059     0.99     -0.081    -0.95      0.081     0.31    
   0.32      0.063     0.94      0.063     0.99     -0.089    -0.94      0.089     0.32    
   0.33      0.068     0.94      0.068     0.99     -0.096    -0.94      0.096     0.32    
   0.34      0.072     0.94      0.072     0.99     -0.1      -0.94      0.1       0.33    
   0.34      0.075     0.94      0.075     0.99     -0.11     -0.94      0.11      0.34    
   0.35      0.078     0.93      0.078     0.99     -0.11     -0.93      0.11      0.34    
   0.35      0.081     0.93      0.081     0.99     -0.12     -0.93      0.12      0.34    
   0.36      0.084     0.93      0.084     0.99     -0.12     -0.93      0.12      0.35    
   0.36      0.086     0.93      0.086     0.99     -0.13     -0.93      0.13      0.35    
   0.37      0.088     0.93      0.088     0.99     -0.13     -0.93      0.13      0.36    
   0.37      0.09      0.92      0.09      0.99     -0.13     -0.92      0.13      0.36    
   0.38      0.092     0.92      0.092     0.99     -0.14     -0.92      0.14      0.36    
   0.63      0.064     0.78      0.064     0.99     -0.13     -0.78      0.13      0.61    
   0.022    -0.12      0.99     -0.12      0.99      0.12     -0.99     -0.12      0.0075  
   0.66     -0.35      0.67     -0.35      0.64      0.68     -0.67     -0.68      0.3     
   0.8      -0.18      0.57     -0.18      0.84      0.52     -0.57     -0.52      0.64    
   0.52      0.31      0.79      0.31      0.8      -0.51     -0.79      0.51      0.32    
   0.53      0.58      0.62      0.58      0.29     -0.76     -0.62      0.76     -0.18    
   0.57      0.64      0.52      0.64      0.065    -0.77     -0.52      0.77     -0.37    
   0.31      0.5       0.81      0.5       0.64     -0.58     -0.81      0.58     -0.046   
   0.32      0.12      0.94      0.12      0.98     -0.16     -0.94      0.16      0.3     
   0.15     -0.49      0.86     -0.49      0.72      0.49     -0.86     -0.49     -0.13    
   0.61     -0.67      0.42     -0.67     -0.15      0.73     -0.42     -0.73     -0.54    
   0.013    -0.34      0.94     -0.34      0.88      0.32     -0.94     -0.32     -0.1     
   0.23     -0.0096    0.97     -0.0096    1         0.012    -0.97     -0.012     0.23    
   0.22     -0.025     0.98     -0.025     1         0.032    -0.98     -0.032     0.22    
  -0.03      0.011     1         0.011     1        -0.01     -1         0.01     -0.031   
  -0.043     0.0017    1         0.0017    1        -0.0016   -1         0.0016   -0.043   
   0.018     0.011     1         0.011     1        -0.011    -1         0.011     0.018   
   0.27      0.0074    0.96      0.0074    1        -0.0098   -0.96      0.0098    0.27    
   0.98      0.00023   0.21      0.00023   1        -0.0021   -0.21      0.0021    0.98    
   1         9.8e-07   0.014     9.8e-07   1        -0.00014  -0.014     0.00014   1       
   1         4e-09     0.0009    4e-09     1        -9e-06    -0.0009    9e-06     1       
   1         1.7e-11   5.8e-05   1.7e-11   1        -6e-07    -5.8e-05   6e-07     1       
   1         0         4.2e-06   0         1         0        -4.2e-06   0         1       
   1         0         2.4e-07   0         1         0        -2.4e-07   0         1       
   1         0         0         0         1         0         0         0         1       
   1         0         0         0         1         0         0         0         1       
   1         0         0         0         1         0         0         0         1       
   1         0         0         0         1         0         0         0         1       
   1         0         0         0         1         0         0         0         1       
   1         0         0         0         1         0         0         0         1       
   1         0         0         0         1         0         0         0         1       
   1         0         0         0         1         0         0         0         1       
   1         0         0         0         1         0         0         0         1       
   1         0         0         0         1         0         0         0         1       
   1         0         0         0         1         0         0         0         1       
   1         0         0         0         1         0         0         0         1       
   1         0         0         0         1         0         0         0         1       
   1         0         0         0         1         0         0         0         1       
   1         0         0         0         1         0         0         0         1       
   1         0         0         0         1         0         0         0         1       
   1         0         0         0         1         0         0         0         1       
   1         0         0         0         1         0         0         0         1       
   1         0         0         0         1         0         0         0         1       
   1         0         0         0         1         0         0         0         1       
   1         0         0         0         1         0         0         0         1       
   1         0         0         0         1         0         0         0         1       
   1         0         0         0         1         0         0         0         1       
   1         0         0         0         1         0         0         0         1       
   1         0         0         0         1         0         0         0         1       
   1         0         0         0         1         0         0         0         1       
   1         0         0         0         1         0         0         0         1       
   1         0         0         0         1         0         0         0         1       
   1         0         0         0         1         0         0         0         1       
   1         0         0         0         1         0         0         0         1       
   1         0         0         0         1         0         0         0         1       
   1         0         0         0         1         0         0         0         1       
   1         0         0         0         1         0         0         0         1       
   1         0         0         0         1         0         0         0         1       
   1         0         0         0         1         0         0         0         1       
   1         0         0         0         1         0         0         0         1       
   1         0         0         0         1         0         0         0         1       
   1         0         0         0         1         0         0         0         1       
   1         0         0         0         1         0         0         0         1       
   1         0         0         0         1         0         0         0         1       
   1         0         0         0         1         0         0         0         1       
   1         0         0         0         1         0         0         0         1       
   1         0         0         0         1         0         0         0         1       
   1         0         0         0         1         0         0         0         1       
   1         0         0         0         1         0         0         0         1       
   1         0         0         0         1         0         0         0         1       
   1         0         0         0         1         0         0         0         1       
   1         0         0         0         1         0         0         0         1       
   1         0         0         0         1         0         0         0         1       
   1         0         0         0         1         0         0         0         1       
   1         0         0         0         1         0         0         0         1       
   1         0         0         0         1         0         0         0         1       
   1         0         0         0         1         0         0         0         1       
   1         0         0         0         1         0         0         0         1       
   1         0         0         0         1         0         0         0         1       
   1         0         0         0         1         0         0         0         1       
   1         0         0         0         1         0         0         0         1       
   1         0         0         0         1         0         0         0         1       
   1         0         0         0         1         0         0         0         1       
   1         0         0         0         1         0         0         0         1       
   1         0         0         0         1         0         0         0         1       
   1         0         0         0         1         0         0         0         1       
   1         0         0         0         1         0         0         0         1       
   1         0         0         0         1         0         0         0         1       
   1         0         0         0         1         0         0         0         1       
   1         0         0         0         1         0         0         0         1       
   1         0         0         0         1         0         0         0         1       
   1         0         0         0         1         0         0         0         1       
   1         0         0         0         1         0         0         0         1       
   1         0         0         0         1         0         0         0         1       
   1         0         0         0         1         0         0         0         1       
   1         0         0         0         1         0         0         0         1       
   1         0         0         0         1         0         0         0         1       
   1         0         0         0         1         0         0         0         1       
   1         0         0         0         1         0         0         0         1       
   1         0         0         0         1         0         0         0         1       
   1         0         0         0         1         0         0         0         1       
   1         0         0         0         1         0         0         0         1       
   1         0         0         0         1         0         0         0         1       
   1         0         0         0         1         0         0         0         1       
   1         0         0         0         1         0         0         0         1       
   1         0         0         0         1         0         0         0         1       
   1         0         0         0         1         0         0         0         1       
   1         0         0         0         1         0         0         0         1       
   1         0         0         0         1         0         0         0         1       
   1         0         0         0         1         0         0         0         1       
   1         0         0         0         1         0         0         0         1       
   1         0         0         0         1         0         0         0         1       
   1         0         0         0         1         0         0         0         1       
   1         0         0         0         1         0         0         0         1       
   1         0         0         0         1         0         0         0         1       
   1         0         0         0         1         0         0         0         1       
   1         0         0         0         1         0         0         0         1       
   1         0         0         0         1         0         0         0         1       
   1         0         0         0         1         0         0         0         1       
   1         0         0         0         1         0         0         0         1       
   1         0         0         0         1         0         0         0         1       
   1         0         0         0         1         0         0         0         1       
   1         0         0         0         1         0         0         0         1       
   1         0         0         0         1         0         0         0         1       
   1         0         0         0         1         0         0         0         1       
   1         0         0         0         1         0         0         0         1       
   1         0         0         0         1         0         0         0         1       
   1         0         0         0         1         0         0         0         1       
   1         0         0         0         1         0         0         0         1       
   1         0         0         0         1         0         0         0         1       
   1         0         0         0         1         0         0         0         1       
   1         0         0         0         1         0         0         0         1       
   1         0         0         0         1         0         0         0         1       
   1         0         0         0         1         0         0         0         1       
   1         0         0         0         1         0         0         0         1       
   1         0         0         0         1         0         0         0         1       
   1         0         0         0         1         0         0         0         1       
   1         0         0         0         1         0         0         0         1       
   1         0         0         0         1         0         0         0         1       
   1         0         0         0         1         0         0         0         1       
   1         0         0         0         1         0         0         0         1       
   1         0         0         0         1         0         0         0         1       
   1         0         0         0         1         0         0         0         1       
   1         0         0         0         1         0         0         0         1       
   1         0         0         0         1         0         0         0         1       
   1         0         0         0         1         0         0         0         1       
   1         0         0         0         1         0         0         0         1       
   1         0         0         0         1         0         0         0         1       
   1         0         0         0         1         0         0         0         1       
   1         0         0         0         1         0         0         0         1       
   1         0         0         0         1         0         0         0         1       
   1         0         0         0         1         0         0         0         1       
   1         0         0         0         1         0         0         0         1       
   1         0         0         0         1         0         0         0         1       
   1         0         0         0         1         0         0         0         1       
   1         0         0         0         1         0         0         0         1       
   1         0         0         0         1         0         0         0         1       
   1         0         0         0         1         0         0         0         1       
   1         0         0         0         1         0         0         0         1       
   1         0         0         0         1         0         0         0         1       
   1         0         0         0         1         0         0         0         1       
   1         0         0         0         1         0         0         0         1       
   1         0         0         0         1         0         0         0         1       
   1         0         0         0         1         0         0         0         1       
   1         0         0         0         1         0         0         0         1       
   1         0         0         0         1         0         0         0         1       
   1         0         0         0         1         0         0         0         1       
   1         0         0         0         1         0         0         0         1       
   1         0         0         0         1         0         0         0         1       
   1         0         0         0         1         0         0         0         1       
   1         0         0         0         1         0         0         0         1       
   1         0         0         0         1         0         0         0         1       
   1         0         0         0         1         0         0         0         1       
   1         0         0         0         1         0         0         0         1       
   1         0         0         0         1         0         0         0         1       
   1         0         0         0         1         0         0         0         1       
   1         0         0         0         1         0         0         0         1       
   1         0         0         0         1         0         0         0         1       
   1         0         0         0         1         0         0         0         1       
   1         0         0         0         1         0         0         0         1       
   1         0         0         0         1         0         0         0         1       
   1         0         0         0         1         0         0         0         1       
   1         0         0         0         1         0         0         0         1       
   1         0         0         0         1         0         0         0         1       
   1         0         0         0         1         0         0         0         1       
   1         0         0         0         1         0         0         0         1       
   1         0         0         0         1         0         0         0         1       
   1         0         0         0         1         0         0         0         1       
   1         0         0         0         1         0         0         0         1       
   1         0         0         0         1         0         0         0         1       
   1         0         0         0         1         0         0         0         1       
   1         0         0         0         1         0         0         0         1       
   1         0         0         0         1         0         0         0         1       
   1         0         0         0         1         0         0         0         1       
   1         0         0         0         1         0         0         0         1       
   1         0         0         0         1         0         0         0         1       
   1         0         0         0         1         0         0         0         1       
   1         0         0         0         1         0         0         0         1       
   1         0         0         0         1         0         0         0         1       
   1         0         0         0         1         0         0         0         1       
   0.99      0.15     -2.7e-18  -0.15      0.99     -4.5e-19   2.6e-18   8.4e-19   1       
   0.57      0.57     -0.6       0.42      0.42      0.8       0.71     -0.71      1.4e-16 
   0.42     -0.42     -0.8      -0.57      0.57     -0.6       0.71      0.71      1.1e-16 
   0.99      0.15     -2.7e-18  -0.15      0.99     -4.5e-19   2.6e-18   8.4e-19   1       
   0.99      0.15     -2.7e-18  -0.15      0.99     -4.5e-19   2.6e-18   8.4e-19   1       
   0.99      0.15     -2.7e-18  -0.15      0.99     -4.5e-19   2.6e-18   8.4e-19   1       
   0.99      0.15     -2.7e-18  -0.15      0.99     -4.5e-19   2.6e-18   8.4e-19   1       

SITE_XPOS
   7.5      -4         3       
   17       -10        3.2     
   1        -7         1.3     
   4        -7         1.3     
   7.5      -4         3       
   11       -7         3.5     
   14       -10        2.5     
   17       -10        3.2     
   20       -7         1.4     
   23       -7         2       
   23       -6.9       2       
   23       -7.1       2       
   23       -7.1       2       
   23       -6.9       2       

SITE_XMAT
   1         0         0         0         1         0         0         0         1       
   1         0         0         0         1         0         0         0         1       
   1         0         0         0         1         0         0         0         1       
   1         0         0         0         1         0         0         0         1       
   1         0         0         0         1         0         0         0         1       
   1         0         0         0         1         0         0         0         1       
   1         0         0         0         1         0         0         0         1       
   1         0         0         0         1         0         0         0         1       
   1         0         0         0         1         0         0         0         1       
   1         0         0         0         1         0         0         0         1       
   0.99      0.15     -2.7e-18  -0.15      0.99     -4.5e-19   2.6e-18   8.4e-19   1       
   0.99      0.15     -2.7e-18  -0.15      0.99     -4.5e-19   2.6e-18   8.4e-19   1       
   0.99      0.15     -2.7e-18  -0.15      0.99     -4.5e-19   2.6e-18   8.4e-19   1       
   0.99      0.15     -2.7e-18  -0.15      0.99     -4.5e-19   2.6e-18   8.4e-19   1       

LIGHT_XPOS
   12       -7         18      

LIGHT_XDIR
  -0.28      0.19     -0.94    

SUBTREE_COM
   23       -7         2       
   23       -7         2       

CDOF
   0         0         0         1         0         0       
   0         0         0         0         1         0       
   0         0         0         0         0         1       
   0.99     -0.15      2.6e-18  -0         0         0       
   0.15      0.99      8.4e-19   0         0         0       
  -2.7e-18  -4.5e-19   1        -0         0         0       

CINERT
   0         0         0         0         0         0         0         0         0         0       
   0.0023    0.0023    0.0046    5.6e-39  -6.3e-21  -1e-21     0         0         0         0.5     

CRB
   0         0         0         0         0         0         0         0         0         0       
   0.0023    0.0023    0.0046    5.6e-39  -6.3e-21  -1e-21     0         0         0         0.5     

M
     0:  0.5     
     1:  0.5     
     2:  0.5     
     3:  0.0023  
     4:  0.0023  
     5:  0.0046  

QLD
     0:  0.5     
     1:  0.5     
     2:  0.5     
     3:  0.0023  
     4:  0.0023  
     5:  0.0046  

QLDIAGINV
   2       
   2       
   2       
   4.3e+02 
   4.3e+02 
   2.2e+02 

TREE_AWAKE
  1

BODY_AWAKE
  -1 1

BODY_AWAKE_IND
  0 1

PARENT_AWAKE_IND
  1

DOF_AWAKE_IND
  0 1 2 3 4 5

CVEL
   0         0         0         0         0         0       
   2e-16     2.1e-17  -1.2e-14   7.3e-13  -1.8e-13   2.2e-06 

CDOF_DOT
   0         0         0         0         0         0       
   0         0         0         0         0         0       
   0         0         0         0         0         0       
   0         0        -0         3.2e-07   2.2e-06   7.4e-14 
   0         0         0        -2.2e-06   3.2e-07   7.5e-13 
   0        -0         0        -1.8e-13  -7.3e-13  -8.2e-31 

QFRC_BIAS
   0       
   4.7e-38 
   4.9     
  -1.4e-33 
   5.6e-33 
  -9.3e-52 

QFRC_SPRING
   0       
   0       
   0       
   0       
   0       
   0       

QFRC_DAMPER
   0       
   0       
   0       
   0       
   0       
   0       

QFRC_GRAVCOMP
   0       
   0       
   0       
   0       
   0       
   0       

QFRC_FLUID
   0       
   0       
   0       
   0       
   0       
   0       

QFRC_PASSIVE
   0       
   0       
   0       
   0       
   0       
   0       

SUBTREE_LINVEL
   0         0         0       
   0         0         0       

SUBTREE_ANGMOM
   0         0         0       
   0         0         0       

QFRC_ACTUATOR
   0       
   0       
   0       
   0       
   0       
   0       

QFRC_SMOOTH
  -1.3e-17 
  -2.2e-18 
  -4.4e-09 
   1.4e-33 
  -5.6e-33 
   9.3e-52 

QACC_SMOOTH
  -2.7e-17 
  -4.4e-18 
  -8.9e-09 
   6.2e-31 
  -2.4e-30 
   2e-49   

QFRC_CONSTRAINT
   0       
   0       
   0       
   0       
   0       
   0       

QFRC_INVERSE
   0       
   0       
   0       
   0       
   0       
   0       

CACC
   0         0         0         0         0         0       
   0         0         0         0         0         0       

CFRC_INT
   0         0         0         0         0         0       
   0         0         0         0         0         0       

CFRC_EXT
   0         0         0         0         0         0       
   0         0         0         0         0         0       

